1.194074880108237258e+00
2.048528661166340470e+00
3.305829111124491515e+00
5.079212497060114018e+00
6.861220408116976088e+00
9.724365368915922403e+00
1.289030800003091848e+01
1.561462698961932638e+01
2.169361817284865168e+01
2.673981376180108427e+01
3.632004992000755550e+01
5.185643276190402418e+01
7.185472952066490393e+01
9.033376181474217503e+01
5.153273949999771020e+01
4.293220961279864412e+01
3.447348634320026406e+01
2.880782029080994988e+01
2.653326759183757133e+01
2.336784498453997116e+01
