4.752315999999999804e+03
4.731231999999999971e+03
4.707279999999999745e+03
4.672256000000000313e+03
4.637576000000000022e+03
4.585648000000000138e+03
4.526823999999999614e+03
4.435108000000000175e+03
4.323747999999999593e+03
4.196716000000000349e+03
4.053664000000000215e+03
3.835619999999999891e+03
3.638860000000000127e+03
3.356411999999999807e+03
3.085876000000000204e+03
2.842431999999999789e+03
2.657088000000000193e+03
2.493068000000000211e+03
2.350947999999999865e+03
2.224496000000000095e+03
