2.498224000000000160e+03
2.496143999999999778e+03
2.492541999999999916e+03
2.486844000000000051e+03
2.478181999999999789e+03
2.466449999999999818e+03
2.448998000000000047e+03
2.424311999999999898e+03
2.392498000000000047e+03
2.345364000000000033e+03
2.278295999999999822e+03
2.168072000000000116e+03
1.953372000000000071e+03
1.443589999999999918e+03
5.119540000000000077e+02
3.328740000000000236e+02
2.321220000000000141e+02
2.056119999999999948e+02
1.744840000000000089e+02
1.540939999999999941e+02
