4.993015999999999622e+03
4.985003999999999905e+03
4.971547999999999774e+03
4.950387999999999920e+03
4.919180000000000291e+03
4.878663999999999760e+03
4.820975999999999658e+03
4.743279999999999745e+03
4.647815999999999804e+03
4.523703999999999724e+03
4.364496000000000095e+03
4.155024000000000342e+03
3.859615999999999985e+03
3.448000000000000000e+03
3.007532000000000153e+03
2.765635999999999967e+03
2.563795999999999822e+03
2.410248000000000047e+03
2.268847999999999956e+03
2.149072000000000116e+03
