8.497479266858197489e-03
1.517040339938215479e-02
2.821704109292642523e-02
5.072283082781245400e-02
7.958634441295753259e-02
1.423642618168068918e-01
2.121332319659892662e-01
3.460499770866060643e-01
5.372738955927488513e-01
9.907811538995130451e-01
2.049923042417108654e+00
5.274799244447958557e+00
2.041720083770528760e+01
1.244822215266320313e+02
1.126883004902554717e+02
4.633353847764401934e+01
2.787470336021971562e+01
1.798449508364578264e+01
1.227288597916814084e+01
8.816666076140718289e+00
