3.577842880040407181e+00
5.500069024764801640e+00
5.471466666656648492e+00
8.675579455565415543e+00
8.545430857117986889e+00
1.081745863109826367e+01
1.212744550002388699e+01
1.480894350172841456e+01
2.325620059261993688e+01
3.216017365096511327e+01
3.223543551999141243e+01
4.101035646258801393e+01
5.270107603305560673e+01
4.769841306617158239e+01
4.762461327776929210e+01
4.090728120320434869e+01
3.397131436685999972e+01
2.900243450205550388e+01
2.796415636734796095e+01
2.426469912960697428e+01
