3.490525457501860718e-01
5.407047894844487779e-01
5.812725230838983181e-01
9.690179305882523630e-01
9.189683663309071715e-01
1.122653909003094030e+00
1.360243295570717104e+00
1.402444655714174981e+00
2.266707993266514620e+00
3.286094137938476045e+00
3.169405409068333679e+00
4.257487589452342291e+00
5.351187846361184164e+00
4.933834918834388183e+00
4.837871939366751306e+00
3.982790166604226023e+00
3.197087128401058909e+00
2.949770794194813472e+00
2.721536162774067513e+00
2.298134343830406046e+00
