1.513818992911160621e-01
1.987733822619359436e-01
1.774526927831751588e-01
1.657605895222357406e-01
1.532348339364405232e-01
1.381770156480219003e-01
1.348299184461204114e-01
1.198063110636942152e-01
1.036711395888991333e-01
1.091599890390305971e-01
9.509943992374290944e-02
8.364440481259151350e-02
7.455103721736414113e-02
7.050213893862891656e-02
6.041268907018913087e-02
5.544598536884672718e-02
5.342364262307944950e-02
4.914246136557318123e-02
4.425704120250240764e-02
4.179600307269062953e-02
