1.082532003752864763e-01
1.289307681295697172e-01
9.450059015193352022e-03
7.527615724181315263e-03
1.405807596954228821e-02
2.827356301383267679e-04
1.803259262970986765e-02
0.000000000000000000e+00
0.000000000000000000e+00
0.000000000000000000e+00
0.000000000000000000e+00
0.000000000000000000e+00
0.000000000000000000e+00
0.000000000000000000e+00
0.000000000000000000e+00
0.000000000000000000e+00
0.000000000000000000e+00
0.000000000000000000e+00
0.000000000000000000e+00
0.000000000000000000e+00
