1.320228930547954690e-02
1.752493575173681836e-03
1.352851251986112065e-02
4.502006115427064498e-02
4.276659063344834949e-02
6.306009268062426343e-02
8.803234265420555038e-02
1.205407885259182077e-01
1.217137422323721352e-01
1.299949340987809621e-01
1.441272468896842851e-01
1.838538237527079788e-01
1.897998564448571401e-01
1.951528609800335934e-01
1.749910201610002103e-01
1.996836095315537851e-01
1.923858253392483064e-01
1.878899517640371386e-01
1.775812966015765937e-01
1.836787034312447608e-01
