3.021445184013679501e-03
2.407266575106853281e-04
2.192186281610577492e+00
3.677779717526231517e-03
8.897953752808334116e-01
1.746753511837316530e+00
1.239651448350727270e+00
1.483662757590872072e+00
1.307691720326622065e+00
1.303819248616869819e+00
1.184819829914771194e+00
1.079732317578447898e+00
9.973944624726525099e-01
9.502853336974667053e-01
8.504108428349219650e-01
7.715901513616124641e-01
7.358929125840427687e-01
6.410126718888516928e-01
5.936112106705584424e-01
5.522647348205317330e-01
