2.050495999996201080e-01
4.191404958680119419e-01
7.199722222225720669e-01
1.124687337277996857e+00
1.552378775510188769e+00
2.114132622222272495e+00
2.566510000000333136e+00
3.253055224913401045e+00
4.411867160493938123e+00
5.947211523545714584e+00
7.345126399999928779e+00
7.974161995464728925e+00
1.144477487603301746e+01
1.350293504725894067e+01
1.304288888888889808e+01
1.154600960000000676e+01
8.705870769230747541e+00
8.111844389574786263e+00
6.277178775510183328e+00
4.574192627824021251e+00
