2.170304000006581246e-01
4.084575206611626430e-01
7.712711111111677509e-01
9.592577514795586069e-01
1.659115102041196277e+00
2.070971733333619280e+00
2.470410000000240913e+00
3.824312249134857122e+00
4.132404444444317981e+00
6.442530304709258360e+00
7.136959999999901605e+00
8.819582766439872046e+00
1.153314082644618921e+01
1.251898555765590615e+01
1.350007888888884011e+01
1.099455462400002936e+01
8.835253017751464100e+00
7.543203072702310941e+00
6.139747755102023419e+00
4.823035243757409773e+00
