2.178496000000450239e-01
5.178181818180835894e-01
7.142122222219564609e-01
9.702665088757678191e-01
1.437608979591755487e+00
1.980523377777877903e+00
2.569597500000211809e+00
3.501300484429040072e+00
4.146843950617306263e+00
5.474442548476560866e+00
7.012582399999967464e+00
9.095136870748390834e+00
1.148648727272722425e+01
1.209057512287330205e+01
1.240077527777769895e+01
1.189670886400000249e+01
8.917831005917165044e+00
7.701909245541824767e+00
5.756906938775503413e+00
5.431026111771715570e+00
