2.380399999994551874e-01
4.252442975205268927e-01
6.033055555553800131e-01
9.681713609465741888e-01
1.517570612244785178e+00
1.823970844444313233e+00
2.618247499999879935e+00
3.462709480968644282e+00
4.408039012345798646e+00
6.304443213296420545e+00
7.425190000000013946e+00
8.953405532879681772e+00
1.123798214876037171e+01
1.247760423440446864e+01
1.224760444444451757e+01
1.147075686400001260e+01
9.994739644970390913e+00
7.831098820301792607e+00
5.707020408163272940e+00
5.214104922711038981e+00
