1.361559999986639014e-02
3.837672727273788026e-02
5.919699999988854017e-02
1.003049230768318090e-01
1.781711428571464972e-01
2.665469333333020940e-01
4.544840000000929248e-01
7.152000000000147129e-01
1.029368000000026928e+00
1.724183368421060347e+00
3.456355000000074895e+00
2.990504198095236461e+02
1.210624318181817927e+02
1.482161746086955816e+02
1.940004784999998719e+02
1.356921521599999210e+02
9.686750384615378096e+01
8.143199629629624781e+01
5.441613928571425873e+01
4.711693448275859453e+01
