7.289471998810767572e-02
1.685631999745964837e-01
2.671402666717767604e-01
5.333659076919921027e-01
8.567926285655369512e-01
1.424342186674475208e+00
2.174348749988711749e+00
3.384120047059566261e+00
5.507727955550781651e+00
9.553278484215073973e+00
1.789261744000948084e+01
4.822375920000705918e+01
2.637966270545454108e+02
2.882334099999998216e+03
2.709737575699998615e+03
1.060957002751999426e+03
6.299288984307689816e+02
4.093370357333330389e+02
3.017626052571426953e+02
2.377596455448274639e+02
