8.402048001065849647e-02
1.641829818317835643e-01
3.031183333136140967e-01
4.862040615568939406e-01
8.168374857200041417e-01
1.326591146675248467e+00
2.147331200004554574e+00
3.116313929417553030e+00
5.924564933321540217e+00
9.712225515797337394e+00
2.169062235998920229e+01
4.240702137142595518e+01
5.960676474181847198e+02
6.620468978643474657e+03
3.113185642533332157e+03
1.442449126367999042e+03
7.774668337230766610e+02
4.728588301925923361e+02
3.431338142857140383e+02
2.443726234482757320e+02
