0.000000000000000000e+00 0.000000000000000000e+00 0.000000000000000000e+00 0.000000000000000000e+00 0.000000000000000000e+00 0.000000000000000000e+00 0.000000000000000000e+00 0.000000000000000000e+00 0.000000000000000000e+00 0.000000000000000000e+00 0.000000000000000000e+00 0.000000000000000000e+00 0.000000000000000000e+00 0.000000000000000000e+00 0.000000000000000000e+00 0.000000000000000000e+00 0.000000000000000000e+00 0.000000000000000000e+00 0.000000000000000000e+00 0.000000000000000000e+00
0.000000000000000000e+00 0.000000000000000000e+00 0.000000000000000000e+00 0.000000000000000000e+00 0.000000000000000000e+00 0.000000000000000000e+00 0.000000000000000000e+00 0.000000000000000000e+00 0.000000000000000000e+00 0.000000000000000000e+00 0.000000000000000000e+00 0.000000000000000000e+00 0.000000000000000000e+00 0.000000000000000000e+00 0.000000000000000000e+00 0.000000000000000000e+00 0.000000000000000000e+00 0.000000000000000000e+00 0.000000000000000000e+00 0.000000000000000000e+00
0.000000000000000000e+00 0.000000000000000000e+00 0.000000000000000000e+00 0.000000000000000000e+00 0.000000000000000000e+00 0.000000000000000000e+00 0.000000000000000000e+00 0.000000000000000000e+00 0.000000000000000000e+00 0.000000000000000000e+00 0.000000000000000000e+00 0.000000000000000000e+00 0.000000000000000000e+00 0.000000000000000000e+00 0.000000000000000000e+00 0.000000000000000000e+00 0.000000000000000000e+00 0.000000000000000000e+00 0.000000000000000000e+00 0.000000000000000000e+00
0.000000000000000000e+00 0.000000000000000000e+00 0.000000000000000000e+00 0.000000000000000000e+00 0.000000000000000000e+00 0.000000000000000000e+00 0.000000000000000000e+00 0.000000000000000000e+00 0.000000000000000000e+00 0.000000000000000000e+00 0.000000000000000000e+00 0.000000000000000000e+00 0.000000000000000000e+00 0.000000000000000000e+00 0.000000000000000000e+00 0.000000000000000000e+00 0.000000000000000000e+00 0.000000000000000000e+00 0.000000000000000000e+00 0.000000000000000000e+00
0.000000000000000000e+00 0.000000000000000000e+00 0.000000000000000000e+00 0.000000000000000000e+00 0.000000000000000000e+00 0.000000000000000000e+00 0.000000000000000000e+00 0.000000000000000000e+00 0.000000000000000000e+00 0.000000000000000000e+00 0.000000000000000000e+00 0.000000000000000000e+00 0.000000000000000000e+00 0.000000000000000000e+00 0.000000000000000000e+00 0.000000000000000000e+00 0.000000000000000000e+00 0.000000000000000000e+00 0.000000000000000000e+00 0.000000000000000000e+00
0.000000000000000000e+00 0.000000000000000000e+00 0.000000000000000000e+00 0.000000000000000000e+00 0.000000000000000000e+00 0.000000000000000000e+00 0.000000000000000000e+00 0.000000000000000000e+00 0.000000000000000000e+00 0.000000000000000000e+00 0.000000000000000000e+00 0.000000000000000000e+00 3.199999999999999855e-05 1.479999999999999925e-04 0.000000000000000000e+00 1.127999999999999879e-03 7.360000000000000006e-04 6.799999999999999946e-05 7.240000000000000342e-04 5.480000000000000929e-04
0.000000000000000000e+00 0.000000000000000000e+00 0.000000000000000000e+00 0.000000000000000000e+00 0.000000000000000000e+00 2.000000000000000164e-05 0.000000000000000000e+00 0.000000000000000000e+00 3.047999999999999928e-03 7.608000000000000179e-03 3.307600000000000123e-02 4.717999999999999972e-02 5.379199999999999260e-02 7.450400000000000078e-02 8.451599999999999391e-02 9.573999999999999178e-02 9.819200000000000150e-02 1.217440000000000050e-01 1.182239999999999958e-01 1.283239999999999936e-01
0.000000000000000000e+00 0.000000000000000000e+00 0.000000000000000000e+00 6.399999999999999710e-05 3.600000000000000227e-04 5.804000000000000131e-03 4.466399999999999537e-02 7.929200000000000137e-02 1.005799999999999889e-01 1.240160000000000151e-01 1.369119999999999782e-01 1.466400000000000203e-01 1.588759999999999895e-01 1.720480000000000065e-01 1.836520000000000097e-01 1.926680000000000059e-01 1.970200000000000007e-01 2.023280000000000078e-01 2.089719999999999911e-01 2.183199999999999863e-01
0.000000000000000000e+00 0.000000000000000000e+00 0.000000000000000000e+00 3.315999999999999504e-03 3.827200000000000046e-02 8.536000000000000532e-02 1.092240000000000016e-01 1.335400000000000198e-01 1.551799999999999846e-01 1.740599999999999925e-01 1.893080000000000040e-01 2.051999999999999935e-01 2.173199999999999854e-01 2.247439999999999993e-01 2.360800000000000121e-01 2.434639999999999860e-01 2.495400000000000118e-01 2.568320000000000047e-01 2.635679999999999690e-01 2.712880000000000291e-01
0.000000000000000000e+00 0.000000000000000000e+00 0.000000000000000000e+00 4.235599999999999782e-02 8.049199999999999411e-02 1.199400000000000049e-01 1.477880000000000027e-01 1.707079999999999986e-01 1.926920000000000022e-01 2.111480000000000024e-01 2.281400000000000095e-01 2.413480000000000070e-01 2.541160000000000085e-01 2.621439999999999881e-01 2.727479999999999905e-01 2.798680000000000057e-01 2.900320000000000120e-01 2.978000000000000091e-01 3.017279999999999962e-01 3.116320000000000201e-01
0.000000000000000000e+00 0.000000000000000000e+00 5.999999999999999474e-05 6.985199999999999743e-02 1.083640000000000159e-01 1.419359999999999788e-01 1.724080000000000057e-01 1.982079999999999953e-01 2.180800000000000238e-01 2.374079999999999802e-01 2.565080000000000138e-01 2.687719999999999554e-01 2.810239999999999960e-01 2.922359999999999958e-01 3.014000000000000012e-01 3.121599999999999930e-01 3.173000000000000265e-01 3.253719999999999946e-01 3.321600000000000108e-01 3.390839999999999965e-01
0.000000000000000000e+00 0.000000000000000000e+00 4.418799999999999811e-02 8.802400000000000502e-02 1.261680000000000024e-01 1.613799999999999957e-01 1.938479999999999925e-01 2.172040000000000082e-01 2.393199999999999772e-01 2.592720000000000025e-01 2.763120000000000021e-01 2.899920000000000275e-01 3.033440000000000025e-01 3.151800000000000157e-01 3.261239999999999695e-01 3.363639999999999963e-01 3.419920000000000182e-01 3.500960000000000183e-01 3.566320000000000046e-01 3.632000000000000228e-01
0.000000000000000000e+00 0.000000000000000000e+00 5.229999999999999927e-02 9.795199999999999740e-02 1.390679999999999972e-01 1.755919999999999981e-01 2.082360000000000044e-01 2.345599999999999907e-01 2.567679999999999962e-01 2.770079999999999765e-01 2.947560000000000180e-01 3.110680000000000112e-01 3.231920000000000348e-01 3.339079999999999826e-01 3.438400000000000345e-01 3.527480000000000060e-01 3.626599999999999824e-01 3.697239999999999971e-01 3.757159999999999944e-01 3.830000000000000071e-01
0.000000000000000000e+00 0.000000000000000000e+00 6.047200000000000492e-02 1.073520000000000030e-01 1.525640000000000052e-01 1.895880000000000065e-01 2.204119999999999968e-01 2.492639999999999856e-01 2.707199999999999607e-01 2.947239999999999860e-01 3.080840000000000245e-01 3.248119999999999896e-01 3.354719999999999924e-01 3.535480000000000289e-01 3.594519999999999937e-01 3.700959999999999805e-01 3.794760000000000355e-01 3.875239999999999796e-01 3.944360000000000088e-01 4.008239999999999581e-01
0.000000000000000000e+00 0.000000000000000000e+00 6.882800000000000029e-02 1.172760000000000052e-01 1.615280000000000049e-01 1.987680000000000002e-01 2.302960000000000007e-01 2.589079999999999715e-01 2.831400000000000028e-01 3.027599999999999736e-01 3.224279999999999924e-01 3.349119999999999875e-01 3.503679999999999573e-01 3.640519999999999867e-01 3.743119999999999781e-01 3.853039999999999798e-01 3.919520000000000226e-01 4.004159999999999942e-01 4.108399999999999830e-01 4.154279999999999640e-01
0.000000000000000000e+00 0.000000000000000000e+00 7.382799999999999085e-02 1.231079999999999952e-01 1.679440000000000099e-01 2.084760000000000224e-01 2.425679999999999781e-01 2.673239999999999505e-01 2.925679999999999947e-01 3.142880000000000118e-01 3.329239999999999977e-01 3.487199999999999744e-01 3.623800000000000354e-01 3.746639999999999970e-01 3.864599999999999702e-01 3.956679999999999642e-01 4.043840000000000212e-01 4.135279999999999512e-01 4.228000000000000091e-01 4.279239999999999711e-01
0.000000000000000000e+00 0.000000000000000000e+00 8.007999999999999841e-02 1.285759999999999958e-01 1.744079999999999797e-01 2.169800000000000062e-01 2.474199999999999733e-01 2.787040000000000073e-01 3.023359999999999936e-01 3.239440000000000097e-01 3.427479999999999971e-01 3.584999999999999853e-01 3.709520000000000040e-01 3.825239999999999752e-01 3.963599999999999901e-01 4.079119999999999968e-01 4.178439999999999377e-01 4.258439999999999448e-01 4.322479999999999656e-01 4.410720000000000196e-01
0.000000000000000000e+00 0.000000000000000000e+00 8.431199999999999806e-02 1.339880000000000237e-01 1.798480000000000079e-01 2.211039999999999950e-01 2.562320000000000153e-01 2.839440000000000297e-01 3.096840000000000148e-01 3.336199999999999721e-01 3.508159999999999612e-01 3.661039999999999850e-01 3.819239999999999857e-01 3.958320000000000172e-01 4.045760000000000467e-01 4.177520000000000677e-01 4.266479999999999717e-01 4.347399999999999598e-01 4.428680000000000394e-01 4.499680000000000346e-01
0.000000000000000000e+00 0.000000000000000000e+00 8.876399999999999568e-02 1.364599999999999980e-01 1.860239999999999949e-01 2.263679999999999859e-01 2.592239999999999545e-01 2.903640000000000110e-01 3.153480000000000172e-01 3.381040000000000156e-01 3.594239999999999657e-01 3.742840000000000056e-01 3.905440000000000023e-01 4.036239999999999828e-01 4.162720000000000309e-01 4.259000000000000008e-01 4.336720000000000019e-01 4.454359999999999431e-01 4.536959999999999882e-01 4.591760000000000286e-01
0.000000000000000000e+00 0.000000000000000000e+00 8.813200000000000200e-02 1.438599999999999879e-01 1.903600000000000014e-01 2.335320000000000173e-01 2.673599999999999866e-01 2.949199999999999600e-01 3.225000000000000089e-01 3.455799999999999983e-01 3.645720000000000072e-01 3.829679999999999751e-01 3.962920000000000331e-01 4.099359999999999671e-01 4.239680000000000115e-01 4.349439999999999418e-01 4.440119999999999623e-01 4.534799999999999942e-01 4.614600000000000368e-01 4.683840000000000225e-01
