0.000000000000000000e+00 0.000000000000000000e+00 0.000000000000000000e+00 0.000000000000000000e+00 0.000000000000000000e+00 0.000000000000000000e+00 0.000000000000000000e+00 0.000000000000000000e+00 0.000000000000000000e+00 0.000000000000000000e+00 0.000000000000000000e+00 0.000000000000000000e+00 0.000000000000000000e+00 0.000000000000000000e+00 0.000000000000000000e+00 0.000000000000000000e+00 0.000000000000000000e+00 0.000000000000000000e+00 0.000000000000000000e+00 0.000000000000000000e+00
0.000000000000000000e+00 0.000000000000000000e+00 0.000000000000000000e+00 0.000000000000000000e+00 0.000000000000000000e+00 0.000000000000000000e+00 0.000000000000000000e+00 0.000000000000000000e+00 0.000000000000000000e+00 0.000000000000000000e+00 0.000000000000000000e+00 0.000000000000000000e+00 0.000000000000000000e+00 0.000000000000000000e+00 0.000000000000000000e+00 0.000000000000000000e+00 0.000000000000000000e+00 0.000000000000000000e+00 0.000000000000000000e+00 0.000000000000000000e+00
0.000000000000000000e+00 0.000000000000000000e+00 0.000000000000000000e+00 0.000000000000000000e+00 0.000000000000000000e+00 0.000000000000000000e+00 0.000000000000000000e+00 0.000000000000000000e+00 0.000000000000000000e+00 0.000000000000000000e+00 0.000000000000000000e+00 0.000000000000000000e+00 0.000000000000000000e+00 0.000000000000000000e+00 0.000000000000000000e+00 0.000000000000000000e+00 0.000000000000000000e+00 0.000000000000000000e+00 0.000000000000000000e+00 0.000000000000000000e+00
0.000000000000000000e+00 0.000000000000000000e+00 0.000000000000000000e+00 0.000000000000000000e+00 0.000000000000000000e+00 0.000000000000000000e+00 0.000000000000000000e+00 0.000000000000000000e+00 0.000000000000000000e+00 0.000000000000000000e+00 0.000000000000000000e+00 0.000000000000000000e+00 0.000000000000000000e+00 0.000000000000000000e+00 0.000000000000000000e+00 0.000000000000000000e+00 0.000000000000000000e+00 0.000000000000000000e+00 0.000000000000000000e+00 0.000000000000000000e+00
0.000000000000000000e+00 0.000000000000000000e+00 0.000000000000000000e+00 0.000000000000000000e+00 0.000000000000000000e+00 0.000000000000000000e+00 0.000000000000000000e+00 0.000000000000000000e+00 0.000000000000000000e+00 0.000000000000000000e+00 0.000000000000000000e+00 0.000000000000000000e+00 0.000000000000000000e+00 0.000000000000000000e+00 0.000000000000000000e+00 0.000000000000000000e+00 0.000000000000000000e+00 0.000000000000000000e+00 0.000000000000000000e+00 0.000000000000000000e+00
0.000000000000000000e+00 0.000000000000000000e+00 0.000000000000000000e+00 0.000000000000000000e+00 0.000000000000000000e+00 0.000000000000000000e+00 0.000000000000000000e+00 0.000000000000000000e+00 0.000000000000000000e+00 0.000000000000000000e+00 0.000000000000000000e+00 0.000000000000000000e+00 1.574400000000000105e-04 1.501240000000000040e-03 0.000000000000000000e+00 2.096304000000000223e-02 2.170176000000000049e-02 7.284400000000000120e-04 1.582155999999999840e-02 9.365240000000000370e-03
0.000000000000000000e+00 0.000000000000000000e+00 0.000000000000000000e+00 0.000000000000000000e+00 0.000000000000000000e+00 9.899999999999999404e-05 0.000000000000000000e+00 0.000000000000000000e+00 1.056942400000000087e-01 2.134718400000000238e-01 6.561015599999998615e-01 6.526189999999995051e-01 6.091958400000018203e-01 7.459249600000009695e-01 6.567063600000022650e-01 5.450429999999992781e-01 7.160198400000022945e-01 5.713721599999990186e-01 9.378745599999965821e-01 6.467415600000007148e-01
0.000000000000000000e+00 0.000000000000000000e+00 0.000000000000000000e+00 1.013760000000000052e-03 6.571999999999999717e-03 3.610519600000000606e-01 3.800577600000004108e-01 9.757108400000026327e-01 6.711230000000039109e-01 5.345273599999956771e-01 4.161206400000024841e-01 6.012799999999930423e-01 6.664455599999986601e-01 5.662742399999988185e-01 4.813492400000104476e-01 6.242004399999859787e-01 5.904749999999999721e-01 6.041470399999990804e-01 5.037940400000195940e-01 5.561120000000111530e-01
0.000000000000000000e+00 0.000000000000000000e+00 0.000000000000000000e+00 2.077063600000000065e-01 6.841270399999993534e-01 5.626079999999986647e-01 5.712865599999961130e-01 5.182829999999958304e-01 7.176430000000051379e-01 4.583550000000046754e-01 4.770548400000086953e-01 4.747280000000028144e-01 4.325640000000130492e-01 6.650161599999991902e-01 4.451999999999767255e-01 5.000337600000203109e-01 5.763229999999981423e-01 4.580294399999780830e-01 4.361734400000190637e-01 5.465726399999810692e-01
0.000000000000000000e+00 0.000000000000000000e+00 0.000000000000000000e+00 5.853591599999999895e-01 4.919188400000013561e-01 4.206669999999983478e-01 5.273716399999917037e-01 5.423028400000068361e-01 3.933028399999835556e-01 4.648052399999927919e-01 3.907310000000056016e-01 3.846292399999918232e-01 4.091383600000059184e-01 4.497721599999815467e-01 4.108212400000076925e-01 3.901764400000218291e-01 4.168694399999920419e-01 4.058359999999869849e-01 4.075510400000028066e-01 4.938614399999845528e-01
0.000000000000000000e+00 0.000000000000000000e+00 5.390000000000000910e-04 6.413652400000006137e-01 5.532567599999951291e-01 4.799737600000051341e-01 4.976558400000096194e-01 3.716998400000156577e-01 3.542639999999897538e-01 3.851238400000147610e-01 4.862548399999970794e-01 4.666420400000410029e-01 4.383145600000396547e-01 4.071527599999681390e-01 3.891959999999962672e-01 4.216480000000447093e-01 3.922430000000167727e-01 2.976260400000493855e-01 3.829760000000242415e-01 3.062503599999938375e-01
0.000000000000000000e+00 0.000000000000000000e+00 4.952676400000003976e-01 5.528545600000012161e-01 3.888814399999915850e-01 5.025950000000070084e-01 3.266782399999909048e-01 4.474759599999990067e-01 4.304920000000158065e-01 4.457870400000363831e-01 3.979406400000211064e-01 4.007278399999719132e-01 4.182921600000001350e-01 3.827310000000055945e-01 3.162695600000209883e-01 3.948727600000332960e-01 2.950558399999514414e-01 2.803129599999636401e-01 3.433854399999603513e-01 3.648879999999888324e-01
0.000000000000000000e+00 0.000000000000000000e+00 7.629229999999995737e-01 5.010022400000015974e-01 5.477684399999969145e-01 4.166798399999970814e-01 4.281047599999932562e-01 4.150000000000232947e-01 4.415494400000199438e-01 4.006038400000194177e-01 4.230871599999722066e-01 5.008964400000404105e-01 4.077678399999625780e-01 3.769028400000185020e-01 3.688319999999832288e-01 3.712532399999909360e-01 3.477790000000502979e-01 3.657735600000713294e-01 3.346423600000329457e-01 3.138279999999795122e-01
0.000000000000000000e+00 0.000000000000000000e+00 4.878590400000000771e-01 6.811982400000037297e-01 4.937687599999946442e-01 4.525076399999903298e-01 5.031396399999968905e-01 3.779737600000109277e-01 4.227520000000251632e-01 3.243975600000005288e-01 3.902423599999863546e-01 4.509236400000285472e-01 3.901430400000419629e-01 3.802212400000076764e-01 4.158212400000076969e-01 3.120489599999971553e-01 2.550295599999837792e-01 2.415415600000415108e-01 3.834807599999476291e-01 3.556785600000060832e-01
0.000000000000000000e+00 0.000000000000000000e+00 6.621380400000008715e-01 6.297095600000000015e-01 5.398110400000004638e-01 4.027414399999892369e-01 4.003649600000120934e-01 4.379188400000100789e-01 3.956509999999776594e-01 3.246120000000111694e-01 3.606820400000084192e-01 4.577926400000229545e-01 2.988774400000460685e-01 3.036932399999816012e-01 3.807646399999968789e-01 3.888209600000176458e-01 3.014502399999648419e-01 3.253193600000348074e-01 2.912120000000111841e-01 3.490500400000252079e-01
0.000000000000000000e+00 0.000000000000000000e+00 6.512660400000022110e-01 5.508468400000070542e-01 5.325521599999861744e-01 4.545815599999623591e-01 4.592254400000209125e-01 4.383735600000247534e-01 3.483134400000330033e-01 3.171606399999465919e-01 4.061495600000489259e-01 4.440080000000540261e-01 4.358669999999459921e-01 3.560577599999960596e-01 2.893870000000111631e-01 2.337204400000162385e-01 2.854473599999677313e-01 2.614990400000475335e-01 3.312639999999664742e-01 2.455655600001104277e-01
0.000000000000000000e+00 0.000000000000000000e+00 7.402880000000033878e-01 4.501225600000005045e-01 5.300398400000063681e-01 3.909309999999823204e-01 4.907870000000344457e-01 3.407929599999915959e-01 4.900537599999923444e-01 3.333761599999852665e-01 3.634932400000281394e-01 2.830589999999850725e-01 3.323902400000021129e-01 3.222135600000154421e-01 3.292040000000037159e-01 2.631326400000136290e-01 3.179351600000634992e-01 3.056231600000522963e-01 3.243182400000281795e-01 3.472790399999357569e-01
0.000000000000000000e+00 0.000000000000000000e+00 5.833086400000000449e-01 4.969556399999884855e-01 3.953902400000021133e-01 4.309529600000008842e-01 4.035854399999836417e-01 3.673761599999852412e-01 2.742183600000105970e-01 4.887470000000204706e-01 2.603593600000254638e-01 3.588449599999934403e-01 3.031415600000414989e-01 2.490494399999268471e-01 4.491385599999223044e-01 3.148222399998455989e-01 3.212702400000765901e-01 2.456990000000223440e-01 3.344804399999790068e-01 3.049654399999417453e-01
0.000000000000000000e+00 0.000000000000000000e+00 8.593207599999994617e-01 4.926590000000083958e-01 6.409345600000000420e-01 4.527014400000218264e-01 3.235665600000182107e-01 3.980807600000407787e-01 3.140212400000076953e-01 4.181809600000269689e-01 3.059545600000303511e-01 4.011463599999435248e-01 3.584521599999628827e-01 2.919985600000247206e-01 4.376070399998687188e-01 2.555870000000111664e-01 3.407870399999432531e-01 3.926327600000426021e-01 2.887209599999711052e-01 3.316865599999204162e-01
0.000000000000000000e+00 0.000000000000000000e+00 7.439204399999987949e-01 5.018830000000074065e-01 4.504840000000083777e-01 5.501284399999771813e-01 4.217360000000102693e-01 4.424920000000391318e-01 3.546830000000074645e-01 3.913549999999813567e-01 3.247220399999991014e-01 3.105934400000609497e-01 3.553348400000017060e-01 3.440697600000537926e-01 3.577334399999119174e-01 3.011401600001379908e-01 2.332436400000005849e-01 2.466679999999701889e-01 3.078909999999217550e-01 2.919993599999696210e-01
