3.315677209275953996e-01
5.295724615214203457e-01
6.902412369593856623e-01
1.314590973697105092e+00
1.833578869741366635e+00
2.288550024545535688e+00
2.843902731544217577e+00
3.319802541349630598e+00
5.212643320355404342e+00
6.036681986125387311e+00
8.002488521789791420e+00
1.312684911410090827e+01
1.757475431069503102e+01
2.139438607900311951e+01
1.164554489253171887e+01
9.583187949699421893e+00
8.007574929921641882e+00
7.323242623311261745e+00
4.019047799912065067e+00
5.175274780658421392e+00
