2.429192973112970916e-02
4.292423158378570053e-02
5.872219765376023720e-02
1.439692785878148307e-01
2.306587458173030847e-01
3.102786082295550529e-01
4.534558326386485261e-01
8.912845650816600962e-01
1.511594313775116882e+00
2.441276538824425746e+00
5.879748529846519745e+00
1.426135188101198281e+01
7.595743639065605635e+01
6.677302524249923863e+02
5.521432668591835409e+02
2.312445082702365085e+02
1.192040493313638905e+02
9.012109649189629579e+01
6.392014063253063938e+01
4.607230565701753733e+01
