3.409334788766237856e-01
4.669386877800186242e-01
6.900248030037355873e-01
1.550619324081352390e+00
1.867838607060784861e+00
2.279600082323201882e+00
3.202179760544657139e+00
3.656467267245008035e+00
4.999577254473308585e+00
5.881897087586725803e+00
7.605957770618807068e+00
1.269916991179430887e+01
1.543690877597088651e+01
2.137576047496663278e+01
1.278445165309434017e+01
8.949029146502235577e+00
8.069089333774130068e+00
6.525109963042917016e+00
4.563704088044735485e+00
4.801333090309771734e+00
