1.323890484316914973e-01
3.673909374531328931e-01
3.537198027579474546e-01
3.355847469876085953e-01
3.094886898901932915e-01
2.910405293579302333e-01
2.950530149191651352e-01
3.224810884331850147e-01
3.694953408570755271e-01
3.418849156530860967e-01
4.170973008531850268e-01
3.862047933675037403e-01
4.300975784349234110e-01
4.032844409113265916e-01
4.159489703744396194e-01
3.859952671531552415e-01
3.063926398328523093e-01
3.045347047930921369e-01
3.393089913328141694e-01
3.126394865637885934e-01
