2.091479512586976591e-02
3.214996828352977010e-02
6.166976356855531638e-02
8.405644448682009218e-02
1.868136428894422163e-01
1.879378969284377643e-01
2.681386047454283883e-01
3.229900813144862548e-01
4.582857595261097816e-01
5.282125803312520684e-01
7.497204866919814359e-01
8.666951919139574967e-01
1.073040205151810200e+00
1.316856280504115961e+00
1.259140129088637705e+00
1.142734659495165284e+00
8.990972832178568686e-01
7.681223087900233004e-01
6.784608964857613556e-01
4.791576310193534916e-01
