6.005075538817984671e-02
6.785544605464401136e-02
1.145730244911459250e-01
1.484816102144442540e-01
1.909979508739151066e-01
1.902982017045417862e-01
2.146574703205148260e-01
1.945079939334789787e-01
1.747560557202965104e-01
1.777764394618805144e-01
1.468923037109041430e-01
1.318517461907914579e-01
1.016962022461402326e-01
1.131298835106603756e-01
1.064622738434121141e-01
9.370108404897306564e-02
9.623075751723209059e-02
9.178888769594607810e-02
8.033321447365011914e-02
7.836614756203477694e-02
