1.260848080300832827e-02
2.794279958580174819e-02
1.842252406051191060e-02
4.702463702755957375e-02
6.305280061849705131e-02
1.136363742730197163e-01
1.548573572426859557e-01
1.633783418610506299e-01
2.089989537335742442e-01
2.421389079176146375e-01
2.949778759553827734e-01
3.589574617510324361e-01
4.108212674409864040e-01
4.792007560264361921e-01
4.955105980369969854e-01
4.324772594630143518e-01
4.311833283448043286e-01
4.364844628591008635e-01
3.886685311714596636e-01
3.549363291629675787e-01
