1.349640759206570265e-03
2.217772725263442418e-03
5.887009002873594063e-03
8.951825434161382253e-03
1.714764191931228768e-02
2.338894415359030199e-02
4.416938280929839228e-02
6.222431363855801534e-02
1.043408169070975666e-01
1.802296992289522948e-01
4.524422594812685383e-01
8.739411696494082671e-01
1.107691925442774172e+00
2.695317142345787786e+00
2.237366162605582520e+00
2.460787009653094604e+00
2.366723514931372119e+00
2.133064960939038635e+00
1.677420309227203310e+00
1.374475700514942389e+00
