4.747284059927764518e-04
1.984475307285819921e-03
2.249401265314118596e-03
5.297864185120636053e-03
5.871904145979742889e-03
8.815535626767812341e-03
2.145969004602784475e-02
2.931790182680930890e-02
4.100303428818964646e-02
6.895078604634273522e-02
1.039177217158361033e-01
1.421306008616074756e-01
1.937864668529864220e-01
2.768980474867775432e-01
3.635742467783892873e-01
3.091316438873192851e-01
3.549595945229236937e-01
3.959349528528626205e-01
3.426553655706766066e-01
3.745585878582048389e-01
