1.330686400000558933e+00
3.730068099173290630e+00
3.349026666666960583e+00
3.295733964497073565e+00
3.107734693877706622e+00
2.950471111111172995e+00
3.136449374999867867e+00
3.177730103806356787e+00
3.407271111111160433e+00
3.651311246537417343e+00
3.951692399999997996e+00
3.801538684807284962e+00
3.902674710743852415e+00
3.869489603024603319e+00
4.183777777777741846e+00
3.820711936000003028e+00
3.508483786982249164e+00
3.182603237311398381e+00
3.310000816326523321e+00
3.131394244946474448e+00
