1.271807999999509664e-01
2.808357024794020385e-01
2.695088888888599876e-01
4.697297041420607777e-01
6.479608163265168086e-01
1.050732088888858939e+00
1.359879999999974443e+00
1.685081245674739270e+00
1.996814814814804162e+00
2.619035124653763980e+00
3.097519999999994500e+00
3.680127709750571796e+00
3.979541157024794273e+00
4.646075765595456986e+00
4.933621666666657468e+00
4.379983872000007494e+00
4.447658698224847384e+00
4.364710452674890107e+00
3.710530204081627037e+00
3.448018644470867589e+00
