2.110463999997591600e-01
3.231193388433172275e-01
6.046399999998658403e-01
8.658518343196921485e-01
1.708668571428293204e+00
2.012967822221817915e+00
2.412109374999714007e+00
3.194728858131372640e+00
4.343395555555567888e+00
5.399692409972430163e+00
7.042841600000058655e+00
9.250574512471686717e+00
1.080353190082641390e+01
1.310891765595455283e+01
1.295329972222215353e+01
1.071232614400000926e+01
9.040704142011811939e+00
7.532225843621397132e+00
6.454358979591825474e+00
4.853504114149806981e+00
