5.136767999999847234e-01
7.929547107438179587e-01
1.221333333333328719e+00
1.327714082840241172e+00
1.928553469387750630e+00
2.055230577777768186e+00
2.046999999999997488e+00
1.912150588235302040e+00
1.823111111111110016e+00
1.810947368421049752e+00
1.389948800000000650e+00
1.315142675736963085e+00
1.151566280991735081e+00
1.186966502835539616e+00
1.039597777777777621e+00
8.902164480000001046e-01
9.268520710059149348e-01
9.566797256515761072e-01
8.197551020408145872e-01
7.897630439952418868e-01
