4.993599999999999994e+01
4.978799999999999670e+01
4.975600000000000023e+01
4.952799999999999869e+01
4.927199999999999847e+01
4.879200000000000159e+01
4.825600000000000023e+01
4.752400000000000091e+01
4.646000000000000085e+01
4.519599999999999795e+01
4.403999999999999915e+01
4.192799999999999727e+01
4.084799999999999898e+01
3.846399999999999864e+01
3.476400000000000290e+01
3.324799999999999756e+01
3.155600000000000094e+01
2.895200000000000173e+01
2.659600000000000009e+01
2.510399999999999920e+01
