2.498400000000000176e+01
2.494600000000000151e+01
2.493799999999999883e+01
2.487600000000000122e+01
2.480199999999999960e+01
2.467000000000000171e+01
2.450799999999999912e+01
2.427599999999999980e+01
2.395200000000000173e+01
2.344399999999999906e+01
2.299599999999999866e+01
2.216799999999999926e+01
2.167800000000000082e+01
2.042599999999999838e+01
1.873999999999999844e+01
1.813599999999999923e+01
1.718400000000000105e+01
1.582799999999999940e+01
1.466200000000000081e+01
1.394200000000000017e+01
