2.970400000000000063e+01
2.943199999999999861e+01
2.887999999999999901e+01
2.860399999999999920e+01
2.727599999999999980e+01
2.621600000000000108e+01
2.512000000000000099e+01
2.386799999999999855e+01
2.283999999999999986e+01
2.217999999999999972e+01
2.096799999999999997e+01
2.034799999999999898e+01
1.993599999999999994e+01
1.914399999999999835e+01
1.832799999999999940e+01
1.814399999999999835e+01
1.762000000000000099e+01
1.696799999999999997e+01
1.664000000000000057e+01
1.640800000000000125e+01
