7.948799999985567757e-03
2.056072727271963593e-02
2.135933333335060177e-02
4.440369230769646014e-02
7.611371428572509534e-02
1.428133333333183042e-01
2.117420000000009017e-01
3.364498823529414318e-01
4.352995555555403406e-01
8.238804210526313732e-01
1.135998400000004960e+00
1.583597714285717384e+00
1.963665090909086697e+00
2.931697739130437075e+00
3.505700000000002259e+00
3.239480320000000635e+00
3.728472615384609501e+00
3.904178962962964405e+00
3.636696857142851513e+00
3.544043862068962714e+00
