1.319039999980304786e-02
2.405672727267797739e-02
5.213333333328287744e-02
8.706923076911500525e-02
2.078739999999794641e-01
2.844455999998898865e-01
3.918750000000271183e-01
6.736920000000867770e-01
1.195706444444415650e+00
1.770222947368413680e+00
4.596219999999901162e+00
8.089907809523793958e+00
9.832898909090872053e+00
2.499187460869565314e+01
2.486526933333333034e+01
2.518752495999995844e+01
2.381298461538460387e+01
2.156974088888888730e+01
1.668057128571427228e+01
1.410679779310344273e+01
