1.118532718722484443e-01
1.942994100189328055e-01
2.963244167794459871e-01
5.281223756203816677e-01
6.679772864881086125e-01
9.432164771905118261e-01
1.333232806919418145e+00
1.465811085478067488e+00
2.204872260880108126e+00
2.716767719751782106e+00
3.623744556378897475e+00
5.154519875223489755e+00
6.716997102065438874e+00
8.761214754725514808e+00
5.314247801335521437e+00
4.276151052656294027e+00
3.414882022104202441e+00
2.726038752201370485e+00
2.576423519585219424e+00
2.218478813698728569e+00
