7.883647998794912626e-02
1.583138909360224389e-01
2.874372666701673906e-01
5.158102153872067275e-01
8.006125143063917982e-01
1.343700000010430218e+00
2.157599949999711608e+00
3.306337129423284171e+00
5.391599955544287504e+00
9.705636884203469705e+00
2.047848384001291322e+01
5.664292205714041728e+01
2.158716146909080464e+02
1.288149599130434808e+03
1.104254149033332851e+03
5.117660169919996633e+02
2.465783162769229762e+02
1.701807515259258707e+02
1.201252981714284545e+02
8.705558044137924867e+01
