1.108878080099821029e+00
2.216752661222761045e+00
3.032781333300388127e+00
5.293258982209056995e+00
7.309825142921533292e+00
1.058409230225615438e+01
1.357547187502495056e+01
1.634338369553063330e+01
2.147436049385109769e+01
2.901367525760484511e+01
3.274076799998056941e+01
5.381528409977614302e+01
6.912205857851282076e+01
9.014774708506168110e+01
5.631504216666664320e+01
4.430083911679978570e+01
3.508324430769128810e+01
2.880034695199044847e+01
2.318631493877521876e+01
2.161256222592112763e+01
