1.272368319928646185e+00
2.174305057845824951e+00
3.435727777735639865e+00
4.955072189312007325e+00
7.178200653050926583e+00
9.734111999968680706e+00
1.298311549995559311e+01
1.624796113495594696e+01
2.214768977775984382e+01
2.715459288642262337e+01
3.385037792000916568e+01
4.777321295237456411e+01
8.319176436363412108e+01
1.029508567712706935e+02
6.064101283333724268e+01
4.434817249280209239e+01
3.409205320709761367e+01
2.844644609053293038e+01
2.616084893877681594e+01
2.347536072295098819e+01
