3.806400000001303741e-01
3.955119274380496930e-01
6.629799803406856151e-01
1.138009699840219380e+00
1.497050460356559309e+00
2.074535906777883909e+00
3.076654017065620916e+00
4.116304853627208438e+00
4.412712645224675434e+00
6.634077750182682642e+00
7.893097672583754054e+00
1.026862708958962500e+01
1.278927949031904987e+01
1.347918051239513382e+01
1.167758263395199414e+01
9.117323141357744021e+00
8.129356029834681863e+00
6.342464184549655215e+00
5.332842366942140089e+00
4.227353599999990053e+00
