2.514559999981429497e-02
2.914201904760765557e-02
6.820173913029461965e-02
1.318140959999873074e-01
1.783466666665710354e-01
2.671751172414776332e-01
5.850036258064598149e-01
1.379568351515202629e+00
1.226301039999967424e+00
5.620125232432430451e+00
3.046888608820513014e+02
1.678288380878048542e+02
2.036166400372092937e+02
2.080540491111111407e+02
1.567265530297872260e+02
1.062924311510204092e+02
8.782713773333333052e+01
6.230616226415094872e+01
4.673049737454545749e+01
3.517957853333333418e+01
