2.179824000006192475e-01
4.862466115704862091e-01
6.462222222222002710e-01
1.031610887574211377e+00
1.448329795918225082e+00
2.033922844444814082e+00
2.821469375000160706e+00
3.518090519031084717e+00
4.203227654320973450e+00
5.489177174515377011e+00
6.094886400000081750e+00
9.359092607709637690e+00
1.360422314049593773e+01
1.284057648393200601e+01
1.201315305555547397e+01
1.091219430399999268e+01
9.561244023668626468e+00
7.514802524005483875e+00
5.553550816326548123e+00
5.009038573127233107e+00
