1.430999999975028983e-02
3.705454545475235506e-02
5.465833333346380857e-02
1.061387692306407643e-01
1.662168571428991881e-01
3.017277333332457623e-01
5.019759999998993916e-01
6.873578823529786774e-01
1.013959111111135458e+00
2.012152421052584739e+00
2.337366199999995953e+00
3.436737455238093730e+02
1.791339343636362571e+02
2.388579923478259843e+02
2.007694584999998710e+02
1.428615639999999303e+02
1.091963267692307085e+02
7.827596311111106786e+01
5.632674842857139907e+01
4.641179020689652646e+01
