7.199999999999999803e-03
2.960000000000000131e-02
6.880000000000000004e-02
1.708000000000000074e-01
2.272000000000000131e-01
1.887999999999999956e-01
9.919999999999999651e-02
5.439999999999999697e-02
4.359999999999999987e-02
3.359999999999999792e-02
3.160000000000000309e-02
2.479999999999999913e-02
1.359999999999999924e-02
1.200000000000000025e-02
1.559999999999999928e-02
4.760000000000000342e-02
1.203999999999999931e-01
1.107999999999999957e-01
1.335999999999999965e-01
1.696000000000000008e-01
1.188000000000000028e-01
6.800000000000000488e-02
4.120000000000000051e-02
3.919999999999999873e-02
2.319999999999999840e-02
3.839999999999999664e-02
4.200000000000000261e-02
7.920000000000000651e-02
8.640000000000000457e-02
9.039999999999999425e-02
1.116000000000000048e-01
1.272000000000000075e-01
1.144000000000000017e-01
7.760000000000000231e-02
6.040000000000000230e-02
7.240000000000000602e-02
6.759999999999999343e-02
5.000000000000000278e-02
3.799999999999999906e-02
3.359999999999999792e-02
5.439999999999999697e-02
7.679999999999999327e-02
7.280000000000000360e-02
9.320000000000000506e-02
1.004000000000000031e-01
9.360000000000000264e-02
8.719999999999999973e-02
9.800000000000000377e-02
7.399999999999999634e-02
5.319999999999999729e-02
2.999999999999999889e-02
3.160000000000000309e-02
4.760000000000000342e-02
7.639999999999999569e-02
9.560000000000000442e-02
1.035999999999999976e-01
1.131999999999999951e-01
8.959999999999999909e-02
7.199999999999999456e-02
9.360000000000000264e-02
8.160000000000000586e-02
5.040000000000000036e-02
2.719999999999999848e-02
2.960000000000000131e-02
6.239999999999999714e-02
9.959999999999999409e-02
1.203999999999999931e-01
1.092000000000000054e-01
8.119999999999999440e-02
6.439999999999999891e-02
5.600000000000000117e-02
5.999999999999999778e-02
5.199999999999999761e-02
5.480000000000000149e-02
4.719999999999999890e-02
3.080000000000000099e-02
3.440000000000000002e-02
4.240000000000000019e-02
7.679999999999999327e-02
1.519999999999999962e-01
1.703999999999999959e-01
1.083999999999999964e-01
7.320000000000000118e-02
6.519999999999999407e-02
5.439999999999999697e-02
4.080000000000000293e-02
2.879999999999999921e-02
3.160000000000000309e-02
3.479999999999999760e-02
3.719999999999999696e-02
6.360000000000000375e-02
1.303999999999999881e-01
1.328000000000000014e-01
1.140000000000000041e-01
1.096000000000000030e-01
8.039999999999999925e-02
5.360000000000000181e-02
4.959999999999999826e-02
5.559999999999999665e-02
4.880000000000000310e-02
