2.484000000000000097e-01
2.300000000000000100e-01
2.399999999999999911e-01
2.531999999999999806e-01
2.600000000000000089e-01
2.567999999999999727e-01
2.520000000000000018e-01
2.595999999999999974e-01
2.591999999999999860e-01
2.535999999999999921e-01
2.716000000000000081e-01
2.627999999999999781e-01
2.399999999999999911e-01
2.283999999999999919e-01
2.439999999999999947e-01
2.388000000000000123e-01
2.475999999999999868e-01
2.636000000000000010e-01
2.595999999999999974e-01
2.676000000000000045e-01
2.467999999999999916e-01
2.540000000000000036e-01
2.548000000000000265e-01
2.544000000000000150e-01
2.419999999999999929e-01
2.564000000000000168e-01
2.551999999999999824e-01
2.560000000000000053e-01
2.691999999999999948e-01
2.444000000000000061e-01
2.444000000000000061e-01
2.680000000000000160e-01
2.540000000000000036e-01
2.575999999999999956e-01
2.515999999999999903e-01
2.772000000000000020e-01
2.439999999999999947e-01
2.644000000000000239e-01
2.492000000000000048e-01
2.584000000000000186e-01
2.651999999999999913e-01
2.567999999999999727e-01
2.787999999999999923e-01
2.656000000000000028e-01
2.195999999999999897e-01
2.736000000000000099e-01
2.696000000000000063e-01
2.548000000000000265e-01
2.340000000000000135e-01
2.376000000000000056e-01
2.631999999999999895e-01
2.736000000000000099e-01
2.447999999999999898e-01
2.952000000000000179e-01
2.452000000000000013e-01
2.511999999999999789e-01
2.740000000000000213e-01
2.687999999999999834e-01
2.595999999999999974e-01
2.472000000000000031e-01
2.636000000000000010e-01
2.687999999999999834e-01
2.427999999999999881e-01
2.743999999999999773e-01
2.472000000000000031e-01
2.508000000000000229e-01
2.407999999999999863e-01
2.431999999999999995e-01
2.640000000000000124e-01
2.411999999999999977e-01
2.660000000000000142e-01
2.484000000000000097e-01
2.631999999999999895e-01
2.656000000000000028e-01
2.580000000000000071e-01
2.611999999999999877e-01
2.500000000000000000e-01
2.611999999999999877e-01
2.487999999999999934e-01
2.511999999999999789e-01
2.591999999999999860e-01
2.551999999999999824e-01
2.680000000000000160e-01
2.500000000000000000e-01
2.531999999999999806e-01
2.515999999999999903e-01
2.495999999999999885e-01
2.531999999999999806e-01
2.691999999999999948e-01
2.567999999999999727e-01
2.580000000000000071e-01
2.487999999999999934e-01
2.419999999999999929e-01
2.479999999999999982e-01
2.508000000000000229e-01
2.660000000000000142e-01
2.399999999999999911e-01
2.456000000000000127e-01
2.548000000000000265e-01
2.564000000000000168e-01
