2.545560000000000045e-01
2.492947999999999831e-01
2.415608000000000199e-01
2.324900000000000022e-01
2.316552000000000056e-01
2.242184000000000121e-01
2.204655999999999838e-01
2.104128000000000109e-01
2.029388000000000025e-01
1.994448000000000054e-01
1.954811999999999939e-01
1.893612000000000073e-01
1.761107999999999840e-01
1.643739999999999923e-01
1.622260000000000091e-01
1.476540000000000075e-01
1.432123999999999897e-01
1.364620000000000000e-01
1.263408000000000031e-01
8.618599999999999872e-02
1.036016000000000020e-01
9.773959999999999593e-02
9.243880000000000152e-02
6.871439999999999493e-02
5.605599999999999646e-03
2.353200000000000170e-03
6.867999999999999973e-04
3.016800000000000037e-03
5.207999999999999739e-04
1.552000000000000048e-04
1.744399999999999900e-03
2.295999999999999701e-04
1.584000000000000013e-04
4.399999999999999886e-05
6.959999999999999770e-05
7.679999999999999652e-05
0.000000000000000000e+00
0.000000000000000000e+00
0.000000000000000000e+00
0.000000000000000000e+00
3.199999999999999855e-06
0.000000000000000000e+00
2.799999999999999873e-06
0.000000000000000000e+00
0.000000000000000000e+00
0.000000000000000000e+00
0.000000000000000000e+00
0.000000000000000000e+00
0.000000000000000000e+00
0.000000000000000000e+00
0.000000000000000000e+00
0.000000000000000000e+00
0.000000000000000000e+00
0.000000000000000000e+00
0.000000000000000000e+00
0.000000000000000000e+00
0.000000000000000000e+00
0.000000000000000000e+00
0.000000000000000000e+00
0.000000000000000000e+00
0.000000000000000000e+00
0.000000000000000000e+00
0.000000000000000000e+00
0.000000000000000000e+00
0.000000000000000000e+00
0.000000000000000000e+00
0.000000000000000000e+00
0.000000000000000000e+00
0.000000000000000000e+00
0.000000000000000000e+00
0.000000000000000000e+00
0.000000000000000000e+00
0.000000000000000000e+00
0.000000000000000000e+00
0.000000000000000000e+00
0.000000000000000000e+00
0.000000000000000000e+00
0.000000000000000000e+00
0.000000000000000000e+00
0.000000000000000000e+00
0.000000000000000000e+00
0.000000000000000000e+00
0.000000000000000000e+00
0.000000000000000000e+00
0.000000000000000000e+00
0.000000000000000000e+00
0.000000000000000000e+00
0.000000000000000000e+00
0.000000000000000000e+00
0.000000000000000000e+00
0.000000000000000000e+00
0.000000000000000000e+00
0.000000000000000000e+00
0.000000000000000000e+00
0.000000000000000000e+00
0.000000000000000000e+00
0.000000000000000000e+00
0.000000000000000000e+00
0.000000000000000000e+00
0.000000000000000000e+00
