2.072366666398588186e-02
2.081629007292126049e-02
2.074398607789739238e-02
2.133680739942133558e-02
2.088671305878455134e-02
2.053800266822459683e-02
2.103824236004520065e-02
2.102928411525222321e-02
2.064951903556110774e-02
2.140304142873155832e-02
2.114733828168452456e-02
2.024897618152581708e-02
2.147895966754441791e-02
2.240254248963719635e-02
2.282072544859169161e-02
2.256390724143315929e-02
2.269976245690688912e-02
2.187287795421534453e-02
2.282326966935280949e-02
2.222737748813385927e-02
2.394471953479513152e-02
2.291840482232564147e-02
2.230947413992541428e-02
2.465655453626882515e-02
1.950220299350796660e-02
1.063340605826757282e-02
5.940535699749569312e-03
1.450509201625406648e-02
4.825631399102221254e-03
2.340038974034413903e-03
9.574229556471044664e-03
2.370191890965857306e-03
2.221277470286016093e-03
8.735902929863447559e-04
1.380394726156313531e-03
1.058515186475876297e-03
0.000000000000000000e+00
0.000000000000000000e+00
0.000000000000000000e+00
0.000000000000000000e+00
1.165092271024090951e-04
0.000000000000000000e+00
9.990195193288392344e-05
0.000000000000000000e+00
0.000000000000000000e+00
0.000000000000000000e+00
0.000000000000000000e+00
0.000000000000000000e+00
0.000000000000000000e+00
0.000000000000000000e+00
0.000000000000000000e+00
0.000000000000000000e+00
0.000000000000000000e+00
0.000000000000000000e+00
0.000000000000000000e+00
0.000000000000000000e+00
0.000000000000000000e+00
0.000000000000000000e+00
0.000000000000000000e+00
0.000000000000000000e+00
0.000000000000000000e+00
0.000000000000000000e+00
0.000000000000000000e+00
0.000000000000000000e+00
0.000000000000000000e+00
0.000000000000000000e+00
0.000000000000000000e+00
0.000000000000000000e+00
0.000000000000000000e+00
0.000000000000000000e+00
0.000000000000000000e+00
0.000000000000000000e+00
0.000000000000000000e+00
0.000000000000000000e+00
0.000000000000000000e+00
0.000000000000000000e+00
0.000000000000000000e+00
0.000000000000000000e+00
0.000000000000000000e+00
0.000000000000000000e+00
0.000000000000000000e+00
0.000000000000000000e+00
0.000000000000000000e+00
0.000000000000000000e+00
0.000000000000000000e+00
0.000000000000000000e+00
0.000000000000000000e+00
0.000000000000000000e+00
0.000000000000000000e+00
0.000000000000000000e+00
0.000000000000000000e+00
0.000000000000000000e+00
0.000000000000000000e+00
0.000000000000000000e+00
0.000000000000000000e+00
0.000000000000000000e+00
0.000000000000000000e+00
0.000000000000000000e+00
0.000000000000000000e+00
0.000000000000000000e+00
